alarm_id,alarm_frame,timestamp_s,timestamp_min,detector_source,eta,eta_threshold,eta_over_threshold,bad_data_score,bad_data_threshold,predicted_label,predicted_label_name,predicted_location_bus,top3_buses,top3_lines,matched_event,state_features,state_top10,localization_score_table,fault_subtype,plot
1,99,3.3000000000029104,0.0550000000000485,phase_unbalance_bad_data,17.05055091581526,4780.219554142464,0.0035668970269450316,0.0790462427619889,0.04,7,bad_data,2,"[2, 19, 5]",[],"{'event_id': 1, 'label': 7, 'label_name': 'bad_data', 'start_frame': 98, 'end_frame': 119, 'start_s': 3.26600000000326, 'end_s': 3.966000000000349, 'duration_s': 0.6999999999970887, 'true_bus': 2}","{'top_bus': 2, 'top_energy': 2.186985833023528, 'entropy': 3.1136083960493073, 'bus7_energy': 0.4186775223059193, 'bus23_energy': 0.2035003400451721, 'bus24_energy': 0.07161449833381707, 'line_24_23_energy': 0.2694432609008496}","[{'bus': 2, 'energy': 2.186985833023528}, {'bus': 30, 'energy': 2.1869858010267933}, {'bus': 25, 'energy': 1.808134176208199}, {'bus': 37, 'energy': 1.80813412800883}, {'bus': 3, 'energy': 1.0469125204284335}, {'bus': 1, 'energy': 0.9824893346074377}, {'bus': 26, 'energy': 0.7021438380677174}, {'bus': 18, 'energy': 0.6715038368482276}, {'bus': 27, 'energy': 0.581589603947884}, {'bus': 31, 'energy': 0.5094045839436717}]","[{'bus': 2, 'score': 0.8846322364068709, 'jacobian': 0.8466587954935999, 'ybus': 1.0, 'state': 1.0, 'zbus': 0.8398069338550467, 'pmu_direct': 0.8401107771061526, 'swing': 0.8477755086235605}, {'bus': 5, 'score': 0.7385461079336053, 'jacobian': 0.8857163951618502, 'ybus': 0.15230535510633555, 'state': 0.16430434274565983, 'zbus': 1.0, 'pmu_direct': 1.0, 'swing': 0.9468340446470469}, {'bus': 10, 'score': 0.6936726007782935, 'jacobian': 0.8795875026723954, 'ybus': 0.1949871106806239, 'state': 0.2073537658112114, 'zbus': 0.8022440821365283, 'pmu_direct': 0.802416870372813, 'swing': 1.0}, {'bus': 6, 'score': 0.6837749707903262, 'jacobian': 0.8811879251042757, 'ybus': 0.21304069798487438, 'state': 0.22557653950219617, 'zbus': 0.827278248277665, 'pmu_direct': 0.827112655761413, 'swing': 0.7736419630360224}, {'bus': 19, 'score': 0.6600480571669998, 'jacobian': 0.8382871091364471, 'ybus': 0.0038253916820890797, 'state': 7.58055166636463e-06, 'zbus': 0.9325160911531868, 'pmu_direct': 0.9329020868303189, 'swing': 0.9421925156896721}, {'bus': 22, 'score': 0.6582395278425212, 'jacobian': 0.8371000740754652, 'ybus': 0.10732769760465702, 'state': 0.11877840509606642, 'zbus': 0.9083952317135785, 'pmu_direct': 0.9087666075733295, 'swing': 0.7016512768025199}, {'bus': 29, 'score': 0.5991820293892927, 'jacobian': 0.6852742202178195, 'ybus': 0.0312700113289753, 'state': 0.041569448267324866, 'zbus': 0.909785611366867, 'pmu_direct': 0.9102001077544785, 'swing': 0.8237873513365157}, {'bus': 30, 'score': 0.5478649182285742, 'jacobian': 0.8466587954935998, 'ybus': 0.971961189332802, 'state': 0.9999999852293177, 'zbus': 3.123912157001583e-06, 'pmu_direct': 0.0, 'swing': 4.942534256542444e-06}, {'bus': 25, 'score': 0.5236463606901224, 'jacobian': 0.8884950209552033, 'ybus': 0.8520018105808966, 'state': 0.8251103577834668, 'zbus': 0.00015404666453689098, 'pmu_direct': 0.0, 'swing': 0.00016016281284927114}, {'bus': 37, 'score': 0.5173052320853366, 'jacobian': 0.8884950209552033, 'ybus': 0.8277558290451299, 'state': 0.8251103355331474, 'zbus': 1.0655945185020104e-06, 'pmu_direct': 0.0, 'swing': 2.6022560118118818e-06}]",,figures/event_01_label7_bad_data.png
2,10032,334.3999999999942,5.573333333333236,phase_unbalance_bad_data,257.927817352176,4780.219554142464,0.0539573160669283,0.07940260588930417,0.04,7,bad_data,39,"[39, 22, 10]",[],"{'event_id': 2, 'label': 7, 'label_name': 'bad_data', 'start_frame': 10031, 'end_frame': 10053, 'start_s': 334.36599999999453, 'end_s': 335.09999999999127, 'duration_s': 0.7339999999967404, 'true_bus': 39}","{'top_bus': 39, 'top_energy': 1.2833315524612912, 'entropy': 3.3929736109770796, 'bus7_energy': 0.23690422348581372, 'bus23_energy': 0.09646813329186456, 'bus24_energy': 0.0628218004385785, 'line_24_23_energy': 0.11329129971850758}","[{'bus': 39, 'energy': 1.2833315524612912}, {'bus': 1, 'energy': 0.7937644960174326}, {'bus': 9, 'energy': 0.7680607200285966}, {'bus': 38, 'energy': 0.34608345709633725}, {'bus': 29, 'energy': 0.34605545312212305}, {'bus': 10, 'energy': 0.3196465388319844}, {'bus': 32, 'energy': 0.31960995064119346}, {'bus': 28, 'energy': 0.31779326993961216}, {'bus': 5, 'energy': 0.30257763699183304}, {'bus': 11, 'energy': 0.2841443139933436}]","[{'bus': 39, 'score': 0.9936240026828135, 'jacobian': 1.0, 'ybus': 1.0, 'state': 1.0, 'zbus': 1.0, 'pmu_direct': 1.0, 'swing': 0.9362400268281338}, {'bus': 1, 'score': 0.4783217240667016, 'jacobian': 0.9366156009375591, 'ybus': 0.6148351099448031, 'state': 0.6147720790464403, 'zbus': 4.109850914577088e-05, 'pmu_direct': 0.0, 'swing': 9.537371002263466e-05}, {'bus': 9, 'score': 0.4741924206136524, 'jacobian': 0.9264579620000297, 'ybus': 0.6122327891390228, 'state': 0.5945464285364558, 'zbus': 4.1449719070590156e-05, 'pmu_direct': 0.0, 'swing': 0.00010385396826537169}, {'bus': 2, 'score': 0.3430973672714139, 'jacobian': 0.6033961005769257, 'ybus': 0.18697593116774738, 'state': 0.1904710841703365, 'zbus': 0.03321985748528008, 'pmu_direct': 0.03320050473381, 'swing': 0.7845735038562278}, {'bus': 5, 'score': 0.3385831392800955, 'jacobian': 0.51690945009831, 'ybus': 0.23374099112973695, 'state': 0.22826957645445922, 'zbus': 0.02708992173583136, 'pmu_direct': 0.027056618143572297, 'swing': 0.939396206069505}, {'bus': 6, 'score': 0.32555007815547476, 'jacobian': 0.510003266746109, 'ybus': 0.20494525315694617, 'state': 0.19772645939625053, 'zbus': 0.028990151646637947, 'pmu_direct': 0.028957559928945834, 'swing': 0.901713708218311}, {'bus': 10, 'score': 0.2964229873088463, 'jacobian': 0.45558259755430586, 'ybus': 0.2492831189185148, 'state': 0.24170066313052102, 'zbus': 0.03603512190463299, 'pmu_direct': 0.03601560525724538, 'swing': 0.6590387931376055}, {'bus': 8, 'score': 0.2564649797400321, 'jacobian': 0.6141952746271867, 'ybus': 0.1830737000686846, 'state': 0.16776000794926016, 'zbus': 2.8782016624697373e-05, 'pmu_direct': 0.0, 'swing': 0.00035394866603162474}, {'bus': 30, 'score': 0.25468491500974944, 'jacobian': 0.6033961005769258, 'ybus': 0.1868740705825955, 'state': 0.19049755322598208, 'zbus': 2.5023791413987602e-06, 'pmu_direct': 0.0, 'swing': 5.26641759518729e-06}, {'bus': 19, 'score': 0.25442071316121406, 'jacobian': 0.29132982379898675, 'ybus': 0.17515232437336917, 'state': 0.178663963155324, 'zbus': 0.02972398903604274, 'pmu_direct': 0.029716151150802277, 'swing': 1.0}]",,figures/event_02_label7_bad_data.png
3,10097,336.5659999999916,5.609433333333194,phase_unbalance_bad_data,267.7249784525522,4780.219554142464,0.056006837221638885,0.08159346646841228,0.04,7,bad_data,39,"[39, 10, 2]",[],"{'event_id': 3, 'label': 7, 'label_name': 'bad_data', 'start_frame': 10096, 'end_frame': 10127, 'start_s': 336.5329999999958, 'end_s': 337.5659999999916, 'duration_s': 1.032999999995809, 'true_bus': 39}","{'top_bus': 39, 'top_energy': 2.39351011494465, 'entropy': 2.888545409210557, 'bus7_energy': 0.10850377166465415, 'bus23_energy': 0.25059258604428764, 'bus24_energy': 0.11296208528820449, 'line_24_23_energy': 0.31940783642232917}","[{'bus': 39, 'energy': 2.39351011494465}, {'bus': 9, 'energy': 1.4833376207651399}, {'bus': 1, 'energy': 1.4580960000438241}, {'bus': 22, 'energy': 0.2890310613544677}, {'bus': 35, 'energy': 0.289005623824934}, {'bus': 23, 'energy': 0.25059258604428764}, {'bus': 36, 'energy': 0.25054540041800477}, {'bus': 30, 'energy': 0.2501767805988144}, {'bus': 2, 'energy': 0.25014766401686706}, {'bus': 29, 'energy': 0.21110771395117628}]","[{'bus': 39, 'score': 0.918730216476811, 'jacobian': 1.0, 'ybus': 1.0, 'state': 1.0, 'zbus': 1.0, 'pmu_direct': 1.0, 'swing': 0.18730216476810851}, {'bus': 1, 'score': 0.48050939888132804, 'jacobian': 0.9399498196061171, 'ybus': 0.6189006333930683, 'state': 0.6043785127060554, 'zbus': 4.166554614883766e-05, 'pmu_direct': 0.0, 'swing': 6.462356589552721e-05}, {'bus': 9, 'score': 0.47858261243064193, 'jacobian': 0.9293614223991296, 'ybus': 0.6253311406433472, 'state': 0.6150541347352732, 'zbus': 4.202068596431681e-05, 'pmu_direct': 0.0, 'swing': 7.749351632588412e-05}, {'bus': 2, 'score': 0.30484691140537673, 'jacobian': 0.6168053914219671, 'ybus': 0.09346314314264054, 'state': 0.09349214734059647, 'zbus': 0.045942949915792064, 'pmu_direct': 0.045922998089604046, 'swing': 0.5704542733080528}, {'bus': 5, 'score': 0.30173437521502305, 'jacobian': 0.5287805313273227, 'ybus': 0.04331037345973729, 'state': 0.04437487085397877, 'zbus': 0.0347246855047516, 'pmu_direct': 0.03468795106895994, 'swing': 1.0}, {'bus': 6, 'score': 0.28688294631797295, 'jacobian': 0.5217927848753138, 'ybus': 0.004325985258978712, 'state': 0.003955029631438595, 'zbus': 0.034768622355451105, 'pmu_direct': 0.034731735014439255, 'swing': 0.9792395856095831}, {'bus': 10, 'score': 0.27126219329680157, 'jacobian': 0.46802759753483786, 'ybus': 0.020387452557138544, 'state': 0.0216477293829048, 'zbus': 0.04174945113457603, 'pmu_direct': 0.04172833643072989, 'swing': 0.9398294350764399}, {'bus': 30, 'score': 0.2340260585145246, 'jacobian': 0.616805391421967, 'ybus': 0.09285799427388426, 'state': 0.09350446182812816, 'zbus': 2.5059099296838414e-06, 'pmu_direct': 0.0, 'swing': 7.1452835230739075e-06}, {'bus': 8, 'score': 0.22900512589788685, 'jacobian': 0.6244317077451375, 'ybus': 0.06406760247570083, 'state': 0.056932621545679976, 'zbus': 3.143338386647429e-05, 'pmu_direct': 0.0, 'swing': 0.00036367947116576433}, {'bus': 25, 'score': 0.21723868241332855, 'jacobian': 0.5880956016831651, 'ybus': 0.06642801972216666, 'state': 0.06436783339265313, 'zbus': 1.9840367014304506e-05, 'pmu_direct': 0.0, 'swing': 0.00012115061907060762}]",,figures/event_03_label7_bad_data.png
4,16099,536.6330000000016,8.94388333333336,data_present_missing,17.217290763404687,4780.219554142464,0.0036017782380904344,0.008551936867409347,0.04,5,missing_data,29,"[29, 38, 28]",[],"{'event_id': 4, 'label': 5, 'label_name': 'missing_data', 'start_frame': 16097, 'end_frame': 16908, 'start_s': 536.5659999999916, 'end_s': 563.5999999999913, 'duration_s': 27.03399999999965, 'true_bus': 29}","{'top_bus': 29, 'top_energy': 55.97652388931348, 'entropy': 2.1289922638486773, 'bus7_energy': 0.22482064791460646, 'bus23_energy': 0.4115363698422467, 'bus24_energy': 2.2435885685359898, 'line_24_23_energy': 3.1596146678828614}","[{'bus': 29, 'energy': 55.97652388931348}, {'bus': 38, 'energy': 55.97649390768297}, {'bus': 28, 'energy': 47.91828098538166}, {'bus': 26, 'energy': 22.76738020965743}, {'bus': 27, 'energy': 14.894065844738316}, {'bus': 17, 'energy': 5.64714316528438}, {'bus': 25, 'energy': 5.5130759208965765}, {'bus': 37, 'energy': 5.513032562813327}, {'bus': 18, 'energy': 4.109956749678873}, {'bus': 16, 'energy': 2.552850994059228}]","[{'bus': 29, 'score': 0.9000023839121298, 'jacobian': 1.0, 'ybus': 1.0, 'state': 1.0, 'zbus': 1.0, 'pmu_direct': 1.0, 'swing': 2.3839121296861884e-05}, {'bus': 38, 'score': 0.6000012039734592, 'jacobian': 0.9999999999999998, 'ybus': 0.9902802679937994, 'state': 0.9999994642568263, 'zbus': 9.59476203172084e-06, 'pmu_direct': 0.0, 'swing': 0.0}, {'bus': 28, 'score': 0.5595379958298213, 'jacobian': 0.9880125320435896, 'ybus': 0.860005221226032, 'state': 0.8560068764017474, 'zbus': 7.011741166294389e-05, 'pmu_direct': 0.0, 'swing': 2.56097859977882e-05}, {'bus': 26, 'score': 0.3987000789520312, 'jacobian': 0.8557099314616207, 'ybus': 0.41440784392365576, 'state': 0.40658424082455585, 'zbus': 3.50163210725026e-05, 'pmu_direct': 0.0, 'swing': 7.760549979557377e-05}, {'bus': 27, 'score': 0.3317220243113737, 'jacobian': 0.7662910384199852, 'ybus': 0.2737315804704092, 'state': 0.2658956140368809, 'zbus': 2.7765376134278068e-05, 'pmu_direct': 0.0, 'swing': 8.973173613457039e-05}, {'bus': 2, 'score': 0.2716506879377453, 'jacobian': 0.48685398974469346, 'ybus': 0.0032141067191977114, 'state': 0.007046451106246925, 'zbus': 0.1344281873130996, 'pmu_direct': 0.1344077365841847, 'swing': 0.6396307005962183}, {'bus': 10, 'score': 0.26427632803784057, 'jacobian': 0.38607092857252734, 'ybus': 0.005437026790617122, 'state': 0.009700546030278558, 'zbus': 0.1265674174460725, 'pmu_direct': 0.12653665369544545, 'swing': 0.9252476732158739}, {'bus': 5, 'score': 0.26185312836919733, 'jacobian': 0.3800688340403076, 'ybus': 0.0012025467316049234, 'state': 0.003189249683579326, 'zbus': 0.10604042558531332, 'pmu_direct': 0.10596787684886408, 'swing': 1.0}, {'bus': 6, 'score': 0.25961861260711616, 'jacobian': 0.3772563009837377, 'ybus': 0.0010107455738194216, 'state': 0.0043527180490997, 'zbus': 0.11542927498141058, 'pmu_direct': 0.11535964598419475, 'swing': 0.956021217250108}, {'bus': 25, 'score': 0.23523096188415793, 'jacobian': 0.6084072863417919, 'ybus': 0.10905790277821947, 'state': 0.09826626137507224, 'zbus': 3.1541927687941875e-05, 'pmu_direct': 0.0, 'swing': 0.0001301393573529831}]",,figures/event_04_label5_missing_data.png
5,18432,614.3999999999942,10.239999999999903,data_present_missing,26.75980060631318,4780.219554142464,0.0055980275180297,0.01636177587345296,0.04,5,missing_data,29,"[29, 38, 28]",[],"{'event_id': 5, 'label': 5, 'label_name': 'missing_data', 'start_frame': 18430, 'end_frame': 19302, 'start_s': 614.3329999999987, 'end_s': 643.3999999999942, 'duration_s': 29.06699999999546, 'true_bus': 29}","{'top_bus': 29, 'top_energy': 42.24628491284729, 'entropy': 2.2568583229277595, 'bus7_energy': 0.42520552511365356, 'bus23_energy': 0.5375794762158311, 'bus24_energy': 0.9909451271314669, 'line_24_23_energy': 1.2176279525892846}","[{'bus': 29, 'energy': 42.24628491284729}, {'bus': 38, 'energy': 42.24625183443102}, {'bus': 28, 'energy': 36.146371024208186}, {'bus': 26, 'energy': 17.10770438821001}, {'bus': 27, 'energy': 11.002799451710057}, {'bus': 25, 'energy': 4.364246667190552}, {'bus': 37, 'energy': 4.3641984206022535}, {'bus': 17, 'energy': 3.832933198158828}, {'bus': 18, 'energy': 2.8121738212645235}, {'bus': 34, 'energy': 1.302624251898855}]","[{'bus': 29, 'score': 0.8966073920146967, 'jacobian': 0.9900138470481077, 'ybus': 1.0, 'state': 1.0, 'zbus': 1.0, 'pmu_direct': 1.0, 'swing': 2.684018340139119e-05}, {'bus': 38, 'score': 0.5966056294150667, 'jacobian': 0.9900138470481076, 'ybus': 0.9874153152226078, 'state': 0.9999992168079508, 'zbus': 8.0360617339984e-06, 'pmu_direct': 0.0, 'swing': 0.0}, {'bus': 28, 'score': 0.5636499466091931, 'jacobian': 1.0, 'ybus': 0.8601415751851373, 'state': 0.8555733738924608, 'zbus': 7.323308038576806e-05, 'pmu_direct': 0.0, 'swing': 2.8844298033120617e-05}, {'bus': 26, 'score': 0.43443497768239014, 'jacobian': 0.9620503422611515, 'ybus': 0.41277882739459976, 'state': 0.4047980944340734, 'zbus': 4.766320440218249e-05, 'pmu_direct': 0.0, 'swing': 8.693342386357627e-05}, {'bus': 6, 'score': 0.3953062823288249, 'jacobian': 0.6011119060459892, 'ybus': 0.004324467436576508, 'state': 0.011855046521415153, 'zbus': 0.2928951548559078, 'pmu_direct': 0.2927537531112094, 'swing': 1.0}, {'bus': 22, 'score': 0.39477124120252516, 'jacobian': 0.6140053486340001, 'ybus': 0.011665209770870561, 'state': 0.022412209340882026, 'zbus': 0.2982187919484243, 'pmu_direct': 0.29819972627442026, 'swing': 0.9071966116164912}, {'bus': 27, 'score': 0.38189902478004356, 'jacobian': 0.9167935656193046, 'ybus': 0.2698965485079624, 'state': 0.2602532961332141, 'zbus': 4.274908099799252e-05, 'pmu_direct': 0.0, 'swing': 0.00010124986070020114}, {'bus': 2, 'score': 0.3738073524557151, 'jacobian': 0.6649285793247717, 'ybus': 0.00167449599307647, 'state': 0.0, 'zbus': 0.2600733781164737, 'pmu_direct': 0.2600400385065659, 'swing': 0.6927958742973598}, {'bus': 10, 'score': 0.36623663998115763, 'jacobian': 0.6058506397997208, 'ybus': 0.004969585139318135, 'state': 0.010327734943758793, 'zbus': 0.2509455226182822, 'pmu_direct': 0.25088201760401774, 'swing': 0.8228871538067297}, {'bus': 19, 'score': 0.36254588840468266, 'jacobian': 0.5781703244995959, 'ybus': 0.017009535071993598, 'state': 0.030581640635661923, 'zbus': 0.23214640189720379, 'pmu_direct': 0.23212667310479662, 'swing': 0.8837598754717189}]",,figures/event_05_label5_missing_data.png
6,35197,1173.232999999993,19.553883333333214,chi2_or_data_present,529053396.76849145,4780.219554142464,110675.54340888422,0.22439843664454226,0.04,1,fault,39,"[39, 9, 1]",[],"{'event_id': 6, 'label': 1, 'label_name': 'fault', 'start_frame': 35195, 'end_frame': 35343, 'start_s': 1173.1659999999974, 'end_s': 1178.0999999999913, 'duration_s': 4.93399999999383, 'true_bus': 39}","{'top_bus': 39, 'top_energy': 4.482908055779228, 'entropy': 3.4183562104304954, 'bus7_energy': 1.9180831474782731, 'bus23_energy': 1.0356439816734402, 'bus24_energy': 0.7248985471611549, 'line_24_23_energy': 1.191016698929583}","[{'bus': 39, 'energy': 4.482908055779228}, {'bus': 9, 'energy': 3.3244389910564847}, {'bus': 1, 'energy': 2.850749840916351}, {'bus': 6, 'energy': 1.9432861464866167}, {'bus': 31, 'energy': 1.9432531133001774}, {'bus': 7, 'energy': 1.9180831474782731}, {'bus': 8, 'energy': 1.9068944805303105}, {'bus': 11, 'energy': 1.7054463332607408}, {'bus': 34, 'energy': 1.6680986683222918}, {'bus': 20, 'energy': 1.6680811467395025}]","[{'bus': 39, 'score': 0.9017664534017681, 'jacobian': 1.0, 'ybus': 1.0, 'state': 1.0, 'zbus': 1.0, 'pmu_direct': 1.0, 'swing': 0.017664534017679118}, {'bus': 9, 'score': 0.5223742991026435, 'jacobian': 0.9623515271055377, 'ybus': 0.7506350628774529, 'state': 0.7415809000202725, 'zbus': 4.973571882208171e-05, 'pmu_direct': 0.0, 'swing': 2.700537987886933e-05}, {'bus': 1, 'score': 0.49031113343583305, 'jacobian': 0.9555912265302505, 'ybus': 0.6361561556164446, 'state': 0.6359153042983257, 'zbus': 4.764978821576764e-05, 'pmu_direct': 0.0, 'swing': 2.8449849220410886e-05}, {'bus': 6, 'score': 0.4368338010103549, 'jacobian': 0.6614639241843642, 'ybus': 0.42263961550298096, 'state': 0.4334878435055467, 'zbus': 0.23950456906891335, 'pmu_direct': 0.23944708630201875, 'swing': 0.2738705399825806}, {'bus': 8, 'score': 0.3624683730127418, 'jacobian': 0.7407415428942729, 'ybus': 0.4187158805595358, 'state': 0.425369973249389, 'zbus': 7.178441408627363e-05, 'pmu_direct': 0.0, 'swing': 0.00010005565875837598}, {'bus': 10, 'score': 0.3571535842943941, 'jacobian': 0.6146462383340326, 'ybus': 0.3483901651471649, 'state': 0.35872036434634613, 'zbus': 0.17226574246502768, 'pmu_direct': 0.17222331976692318, 'swing': 0.032336334229613815}, {'bus': 5, 'score': 0.35588373611302493, 'jacobian': 0.6591853393015642, 'ybus': 0.34585837731593694, 'state': 0.35680107519774007, 'zbus': 0.05489775082443184, 'pmu_direct': 0.05475997264913542, 'swing': 0.22545160459798474}, {'bus': 7, 'score': 0.35490979846684617, 'jacobian': 0.7166000634894134, 'ybus': 0.41983274614343674, 'state': 0.4278658234457492, 'zbus': 7.411433997800093e-05, 'pmu_direct': 0.0, 'swing': 0.00010286776953871208}, {'bus': 2, 'score': 0.33257322183854865, 'jacobian': 0.6797107361281289, 'ybus': 0.03208686777144046, 'state': 0.05083190273957353, 'zbus': 0.09419588097615667, 'pmu_direct': 0.09416795912165081, 'swing': 0.6000098004656961}, {'bus': 11, 'score': 0.31473422465995576, 'jacobian': 0.6346997687663245, 'ybus': 0.37077469748080694, 'state': 0.3804330383797084, 'zbus': 9.891144332127042e-05, 'pmu_direct': 0.0, 'swing': 9.865698616255172e-05}]","{'fault_subtype': 'three_phase', 'confidence': 0.062062616818043856, 'bus': 39, 'phase_voltage_drop_fraction': [0.056420205078774655, 0.0557153171681156, 0.05907143530114563]}",figures/event_06_label1_fault.png
7,71259,2375.300000000003,39.58833333333338,chi2_or_data_present,19146.03022941142,4780.219554142464,4.005261685693864,0.01735786489638999,0.04,2,line_outage,35,"[35, 22, 36]","[{'line': [23, 24], 'score': 0.9699557893082557}, {'line': [22, 23], 'score': 0.9699547893082556}, {'line': [22, 35], 'score': 0.9127214241697449}]","{'event_id': 7, 'label': 2, 'label_name': 'line_outage', 'start_frame': 71257, 'end_frame': 71382, 'start_s': 2375.232999999993, 'end_s': 2379.399999999994, 'duration_s': 4.167000000001281, 'true_bus': 24}","{'top_bus': 35, 'top_energy': 6.984742997293767, 'entropy': 2.9123888114823204, 'bus7_energy': 0.06546507077291966, 'bus23_energy': 5.951341993443213, 'bus24_energy': 2.190447698071386, 'line_24_23_energy': 7.831789141129127}","[{'bus': 35, 'energy': 6.984742997293767}, {'bus': 22, 'energy': 6.9847209571650595}, {'bus': 36, 'energy': 5.951382928537239}, {'bus': 23, 'energy': 5.951341993443213}, {'bus': 21, 'energy': 4.22101051434799}, {'bus': 24, 'energy': 2.190447698071386}, {'bus': 19, 'energy': 2.1629489674079156}, {'bus': 33, 'energy': 2.1629259556655187}, {'bus': 20, 'energy': 2.162904655212343}, {'bus': 34, 'energy': 2.162877147393099}]","[{'bus': 22, 'score': 1.0000000000000002, 'jacobian': 1.0, 'ybus': 1.0, 'state': 0.9999968407911113, 'zbus': 1.0, 'pmu_direct': 1.0, 'swing': 1.0}, {'bus': 35, 'score': 0.6000019584141897, 'jacobian': 0.9999999999999998, 'ybus': 0.9999222411746369, 'state': 1.0, 'zbus': 6.790859114930553e-06, 'pmu_direct': 0.0, 'swing': 1.0076939136617985e-05}, {'bus': 23, 'score': 0.5443851583277667, 'jacobian': 0.9496135352741605, 'ybus': 0.8516522715947388, 'state': 0.8518733860297799, 'zbus': 0.00011202905746476586, 'pmu_direct': 0.0, 'swing': 0.00013791898764136564}, {'bus': 36, 'score': 0.5443586591463083, 'jacobian': 0.9496135352741607, 'ybus': 0.851652271592794, 'state': 0.851879253623142, 'zbus': 5.288846767241947e-06, 'pmu_direct': 0.0, 'swing': 7.107725294309098e-06}, {'bus': 21, 'score': 0.44342351583459805, 'jacobian': 0.8423154202715879, 'ybus': 0.6038971138152355, 'state': 0.6038494900886799, 'zbus': 8.10395171717369e-05, 'pmu_direct': 0.0, 'swing': 0.00011677817892832005}, {'bus': 24, 'score': 0.3122397642796841, 'jacobian': 0.6781816164669844, 'ybus': 0.3140081641832605, 'state': 0.31279074976604626, 'zbus': 4.7128966024091287e-05, 'pmu_direct': 0.0, 'swing': 9.293938018261603e-05}, {'bus': 19, 'score': 0.28897184881446275, 'jacobian': 0.4180147014903561, 'ybus': 0.3107101798156367, 'state': 0.3088491106090478, 'zbus': 0.04779335557580396, 'pmu_direct': 0.047774063750965746, 'swing': 0.5172728357490903}, {'bus': 16, 'score': 0.2705535728544804, 'jacobian': 0.6248339312200716, 'ybus': 0.22342927169274332, 'state': 0.2217922811444902, 'zbus': 5.184329729017418e-05, 'pmu_direct': 0.0, 'swing': 0.00011167537922185755}, {'bus': 15, 'score': 0.22552269349474624, 'jacobian': 0.5385481568636477, 'ybus': 0.1630878541838506, 'state': 0.15991477279067562, 'zbus': 3.32678368656765e-05, 'pmu_direct': 0.0, 'swing': 8.820576143691546e-05}, {'bus': 20, 'score': 0.22292843773467674, 'jacobian': 0.418014701490356, 'ybus': 0.3107510580342428, 'state': 0.30884275894549873, 'zbus': 1.600044038128452e-05, 'pmu_direct': 0.0, 'swing': 5.924077399151801e-05}]",,figures/event_07_label2_line_outage.png
8,77542,2584.732999999993,43.078883333333216,data_present_missing,24.33563663709443,4780.219554142464,0.005090903537266514,0.018767059044078997,0.04,5,missing_data,29,"[29, 28, 38]",[],"{'event_id': 8, 'label': 5, 'label_name': 'missing_data', 'start_frame': 77540, 'end_frame': 83282, 'start_s': 2584.665999999997, 'end_s': 2776.065999999992, 'duration_s': 191.3999999999951, 'true_bus': 29}","{'top_bus': 28, 'top_energy': 3556.066255945833, 'entropy': 1.1467927547954562, 'bus7_energy': 0.03608817616927018, 'bus23_energy': 0.35247235611311223, 'bus24_energy': 1.5075300969654575, 'line_24_23_energy': 2.08505896739163}","[{'bus': 28, 'energy': 3556.066255945833}, {'bus': 29, 'energy': 3548.6078221519415}, {'bus': 38, 'energy': 3548.607793812356}, {'bus': 26, 'energy': 20.668141224969382}, {'bus': 27, 'energy': 13.358924448827477}, {'bus': 17, 'energy': 4.774431696267519}, {'bus': 37, 'energy': 4.732404963905487}, {'bus': 25, 'energy': 4.7323618503818965}, {'bus': 18, 'energy': 3.423660308087335}, {'bus': 16, 'energy': 1.8192761493205163}]","[{'bus': 29, 'score': 0.8923002119883537, 'jacobian': 0.9789496148693185, 'ybus': 0.9903662365036751, 'state': 0.9979025954668519, 'zbus': 1.0, 'pmu_direct': 1.0, 'swing': 2.6681114038895024e-05}, {'bus': 26, 'score': 0.6000162797050046, 'jacobian': 1.0, 'ybus': 1.0, 'state': 0.005801990443107097, 'zbus': 5.4030898846837085e-05, 'pmu_direct': 0.0, 'swing': 8.715379165871097e-05}, {'bus': 28, 'score': 0.5993633812886003, 'jacobian': 0.998088293010281, 'ybus': 0.9927402789030845, 'state': 1.0, 'zbus': 7.495803522872334e-05, 'pmu_direct': 0.0, 'swing': 2.8675401727843485e-05}, {'bus': 38, 'score': 0.5922985879697232, 'jacobian': 0.9789496148693186, 'ybus': 0.9903609897919974, 'state': 0.9979025874974072, 'zbus': 7.472605921648569e-06, 'pmu_direct': 0.0, 'swing': 0.0}, {'bus': 10, 'score': 0.44422108969807494, 'jacobian': 0.6996735012538764, 'ybus': 4.3725698853016546e-05, 'state': 2.323552364746464e-05, 'zbus': 0.3544421570023289, 'pmu_direct': 0.3543676788108068, 'swing': 1.0}, {'bus': 19, 'score': 0.43370389219900535, 'jacobian': 0.6838585436423578, 'ybus': 0.000254639437016962, 'state': 0.0002571499005230865, 'zbus': 0.36124457852087627, 'pmu_direct': 0.36122277081824816, 'swing': 0.9275524406262529}, {'bus': 2, 'score': 0.42869961987495014, 'jacobian': 0.7345785432383393, 'ybus': 0.0002118441861569668, 'state': 0.00020288669990510725, 'zbus': 0.31852729837566174, 'pmu_direct': 0.3184876842141123, 'swing': 0.8333598443866334}, {'bus': 6, 'score': 0.40080737479525413, 'jacobian': 0.6858918587739773, 'ybus': 5.390800000062889e-05, 'state': 9.975249272658013e-06, 'zbus': 0.2983112300840958, 'pmu_direct': 0.2981135912667946, 'swing': 0.781283799176411}, {'bus': 5, 'score': 0.3979805500737862, 'jacobian': 0.689090532712508, 'ybus': 0.0, 'state': 2.4324731850516627e-05, 'zbus': 0.3316963531149447, 'pmu_direct': 0.33151708263271645, 'swing': 0.6420322186392541}, {'bus': 22, 'score': 0.390052150057422, 'jacobian': 0.670203191122202, 'ybus': 0.00022340092342844543, 'state': 0.00023036551406525622, 'zbus': 0.3175394878540955, 'pmu_direct': 0.3175153997174811, 'swing': 0.6686517778784598}]",,figures/event_08_label5_missing_data.png
9,88075,2935.8329999999987,48.930549999999975,data_present_missing,12.957247068175636,4780.219554142464,0.00271059664130847,0.011472881435279081,0.04,5,missing_data,29,"[29, 38, 28]",[],"{'event_id': 9, 'label': 5, 'label_name': 'missing_data', 'start_frame': 88073, 'end_frame': 89290, 'start_s': 2935.766000000004, 'end_s': 2976.3329999999987, 'duration_s': 40.56699999999455, 'true_bus': 29}","{'top_bus': 38, 'top_energy': 57.99480226054733, 'entropy': 2.248669349414017, 'bus7_energy': 0.6496511671339271, 'bus23_energy': 0.2952593813259162, 'bus24_energy': 1.9835898632153581, 'line_24_23_energy': 2.827755104160079}","[{'bus': 38, 'energy': 57.99480226054733}, {'bus': 29, 'energy': 57.99477026198936}, {'bus': 28, 'energy': 49.56367069794877}, {'bus': 26, 'energy': 23.248933978792465}, {'bus': 27, 'energy': 15.065572226827348}, {'bus': 17, 'energy': 5.454854283886987}, {'bus': 37, 'energy': 5.078444907925816}, {'bus': 25, 'energy': 5.078396089413644}, {'bus': 18, 'energy': 3.8269458325136587}, {'bus': 39, 'energy': 2.453602081983844}]","[{'bus': 5, 'score': 0.6636911402086563, 'jacobian': 0.9178658329195454, 'ybus': 0.006148902375324064, 'state': 0.009153814672415205, 'zbus': 1.0, 'pmu_direct': 1.0, 'swing': 0.4923676520118282}, {'bus': 2, 'score': 0.6506102091721845, 'jacobian': 0.8705694193851334, 'ybus': 0.012226091220111633, 'state': 0.01924959634747819, 'zbus': 0.9434708884288479, 'pmu_direct': 0.943854514519935, 'swing': 0.6650906482766638}, {'bus': 6, 'score': 0.6345624550386392, 'jacobian': 0.914473983787891, 'ybus': 0.005908721284548807, 'state': 0.008234216606774078, 'zbus': 0.8960390682041116, 'pmu_direct': 0.8959327713355854, 'swing': 0.5270569127072565}, {'bus': 19, 'score': 0.6225240264251478, 'jacobian': 0.8310244865752341, 'ybus': 0.00904411324508793, 'state': 0.014580181385911873, 'zbus': 0.9075417976872413, 'pmu_direct': 0.9079435928868986, 'swing': 0.6385802729111353}, {'bus': 22, 'score': 0.6217453947933294, 'jacobian': 0.8134454782782284, 'ybus': 0.0011779318397508506, 'state': 0.0036148733054492685, 'zbus': 0.8139270938858565, 'pmu_direct': 0.8142766998455936, 'swing': 1.0}, {'bus': 29, 'score': 0.612371880774203, 'jacobian': 0.5613794412586101, 'ybus': 1.0, 'state': 0.9999994478363837, 'zbus': 0.5382019825982781, 'pmu_direct': 0.5384533988220246, 'swing': 2.0493709926598192e-05}, {'bus': 10, 'score': 0.5952074513843782, 'jacobian': 0.9058095887985351, 'ybus': 0.0012767979765671744, 'state': 4.039617768073422e-10, 'zbus': 0.8007882050654238, 'pmu_direct': 0.8009772292025467, 'swing': 0.46633518337402}, {'bus': 38, 'score': 0.45086901002792745, 'jacobian': 0.5613794412586101, 'ybus': 0.9906446354052785, 'state': 1.0, 'zbus': 0.0, 'pmu_direct': 0.0, 'swing': 0.0}, {'bus': 28, 'score': 0.43542160488732035, 'jacobian': 0.623594602097414, 'ybus': 0.8591873499698812, 'state': 0.8545133159804152, 'zbus': 6.090114908843961e-05, 'pmu_direct': 0.0, 'swing': 2.2030211580534953e-05}, {'bus': 39, 'score': 0.42470510347207485, 'jacobian': 0.6304571928170432, 'ybus': 0.027769138876460365, 'state': 0.04158712499598607, 'zbus': 0.4687816761682728, 'pmu_direct': 0.4689632076022791, 'swing': 0.5887345753540091}]",,figures/event_09_label5_missing_data.png
10,89291,2976.3659999999945,49.606099999999905,data_present_missing,14643393.949516065,4780.219554142464,3063.3308331677626,0.021422368306307765,0.04,6,missing_data_plus_physical,29,"[29, 4, 14]",[],"{'event_id': 10, 'label': 6, 'label_name': 'missing_data_plus_physical', 'start_frame': 89291, 'end_frame': 89844, 'start_s': 2976.3659999999945, 'end_s': 2994.800000000003, 'duration_s': 18.434000000008382, 'true_bus': 29}","{'top_bus': 4, 'top_energy': 3240.470685876144, 'entropy': 2.7167434865833413, 'bus7_energy': 0.7911828949965654, 'bus23_energy': 230.5760348833182, 'bus24_energy': 1083.5102459132029, 'line_24_23_energy': 1509.977351428145}","[{'bus': 4, 'energy': 3240.470685876144}, {'bus': 14, 'energy': 3020.943897770613}, {'bus': 3, 'energy': 3004.823886016441}, {'bus': 26, 'energy': 2625.5884849867284}, {'bus': 28, 'energy': 2625.5883960240403}, {'bus': 29, 'energy': 2625.5883851453664}, {'bus': 38, 'energy': 2625.5883665257065}, {'bus': 18, 'energy': 2316.585540317079}, {'bus': 27, 'energy': 2288.243995620962}, {'bus': 17, 'energy': 1892.043075842666}]","[{'bus': 2, 'score': 1.0000000000000002, 'jacobian': 1.0, 'ybus': 1.0, 'state': 0.006386530024874721, 'zbus': 1.0, 'pmu_direct': 1.0, 'swing': 1.0}, {'bus': 30, 'score': 0.597942089629337, 'jacobian': 0.9999999999999997, 'ybus': 0.9920814382549893, 'state': 0.00638651874839824, 'zbus': 3.015538585889363e-06, 'pmu_direct': 0.0, 'swing': 4.935076378134622e-06}, {'bus': 25, 'score': 0.5497412894082517, 'jacobian': 0.9232598238027265, 'ybus': 0.906957427472514, 'state': 0.07238943785062157, 'zbus': 9.183125829558629e-05, 'pmu_direct': 0.0, 'swing': 0.00011161796309713018}, {'bus': 37, 'score': 0.5479959371623138, 'jacobian': 0.9232598238027264, 'ybus': 0.9003339747633836, 'state': 0.07238945180791535, 'zbus': 2.54832532800431e-06, 'pmu_direct': 0.0, 'swing': 4.0686536112337295e-06}, {'bus': 3, 'score': 0.5146174855687904, 'jacobian': 0.8044211515069699, 'ybus': 0.5385710463021797, 'state': 0.9272784432231687, 'zbus': 7.637473195403522e-05, 'pmu_direct': 0.0, 'swing': 0.00011206355923215794}, {'bus': 4, 'score': 0.44560396086514265, 'jacobian': 0.5458438080148866, 'ybus': 0.1523718331789956, 'state': 1.0, 'zbus': 3.8854341418838884e-05, 'pmu_direct': 0.0, 'swing': 0.00011626532282518672}, {'bus': 18, 'score': 0.4308455704645498, 'jacobian': 0.7204751102648066, 'ybus': 0.37278698699967106, 'state': 0.7148853024609485, 'zbus': 4.501046799129791e-05, 'pmu_direct': 0.0, 'swing': 7.552869150095564e-05}, {'bus': 26, 'score': 0.42799222364587197, 'jacobian': 0.6391747178809625, 'ybus': 0.5987968450304505, 'state': 0.8102448626093598, 'zbus': 3.1366275174885954e-05, 'pmu_direct': 0.0, 'swing': 4.764009386668735e-05}, {'bus': 14, 'score': 0.4118392568341792, 'jacobian': 0.49834884826811315, 'ybus': 0.05745146780514119, 'state': 0.9322531441345417, 'zbus': 3.280785294382301e-05, 'pmu_direct': 0.0, 'swing': 0.00010237848627758226}, {'bus': 27, 'score': 0.4075178025404256, 'jacobian': 0.6585651472966808, 'ybus': 0.4519585688530439, 'state': 0.7061389869880083, 'zbus': 3.134482958427394e-05, 'pmu_direct': 0.0, 'swing': 5.127566530149486e-05}]",,figures/event_10_label6_missing_data_plus_physical.png
11,89845,2994.8329999999987,49.91388333333331,chi2_or_data_present,75991.79900074535,4780.219554142464,15.897135715218777,0.017234049662285145,0.04,3,generation_change,2,"[2, 30, 25]",[],"{'event_id': 11, 'label': 3, 'label_name': 'generation_change', 'start_frame': 89845, 'end_frame': 98818, 'start_s': 2994.8329999999987, 'end_s': 3293.933, 'duration_s': 299.1000000000013, 'true_bus': 2}","{'top_bus': 38, 'top_energy': 45.0451741251316, 'entropy': 3.114533379277235, 'bus7_energy': 2.2772130696500725, 'bus23_energy': 6.522999733006785, 'bus24_energy': 4.459992782085979, 'line_24_23_energy': 7.554503208467188}","[{'bus': 38, 'energy': 45.0451741251316}, {'bus': 29, 'energy': 45.04514979281225}, {'bus': 28, 'energy': 37.17078061724661}, {'bus': 2, 'energy': 19.09877354753009}, {'bus': 30, 'energy': 19.098744350636338}, {'bus': 26, 'energy': 12.597670804239343}, {'bus': 1, 'energy': 12.47889094751123}, {'bus': 25, 'energy': 11.021420301442626}, {'bus': 37, 'energy': 11.021383195494064}, {'bus': 39, 'energy': 8.629750102614276}]","[{'bus': 2, 'score': 0.8032067488194923, 'jacobian': 1.0, 'ybus': 0.26790418266709803, 'state': 0.41644824088594035, 'zbus': 1.0, 'pmu_direct': 1.0, 'swing': 0.5493020618914781}, {'bus': 29, 'score': 0.6351896568229153, 'jacobian': 0.5902328161980581, 'ybus': 1.0, 'state': 0.9999994527499984, 'zbus': 0.24837222149728844, 'pmu_direct': 0.24836492691221965, 'swing': 1.0}, {'bus': 38, 'score': 0.46068013902125443, 'jacobian': 0.5902328161980581, 'ybus': 0.9890414829078469, 'state': 1.0, 'zbus': 2.4566412936632205e-06, 'pmu_direct': 0.0, 'swing': 6.375841335235579e-06}, {'bus': 30, 'score': 0.4482771816629196, 'jacobian': 0.9999999999999999, 'ybus': 0.26769768789757725, 'state': 0.4164475842284337, 'zbus': 3.2202169283855365e-06, 'pmu_direct': 0.0, 'swing': 3.5893315688253458e-06}, {'bus': 28, 'score': 0.4385290741836446, 'jacobian': 0.6412768541805229, 'ybus': 0.8480129984944522, 'state': 0.8228996669599946, 'zbus': 2.576331320342115e-05, 'pmu_direct': 0.0, 'swing': 7.957289860771403e-05}, {'bus': 25, 'score': 0.3919849901789097, 'jacobian': 0.9732889764861139, 'ybus': 0.12011845300186465, 'state': 0.23478320871153457, 'zbus': 9.502634216727694e-05, 'pmu_direct': 0.0, 'swing': 9.800220728537249e-05}, {'bus': 37, 'score': 0.3919622976797522, 'jacobian': 0.9732889764861139, 'ybus': 0.11943583268340446, 'state': 0.2347823741741392, 'zbus': 2.77520670884301e-06, 'pmu_direct': 0.0, 'swing': 2.3986025806587475e-06}, {'bus': 26, 'score': 0.37025084398045816, 'jacobian': 0.8106010068586109, 'ybus': 0.3639774756732498, 'state': 0.2702341280388763, 'zbus': 3.789829096320535e-05, 'pmu_direct': 0.0, 'swing': 7.052212750638066e-05}, {'bus': 27, 'score': 0.3322922001989304, 'jacobian': 0.7948135021754171, 'ybus': 0.23862965843167955, 'state': 0.16631324666978944, 'zbus': 3.5912520811101125e-05, 'pmu_direct': 0.0, 'swing': 6.870514138311e-05}, {'bus': 3, 'score': 0.32729591446040734, 'jacobian': 0.8343069629820765, 'ybus': 0.11078260076445388, 'state': 0.16772601421761024, 'zbus': 8.010926975355092e-05, 'pmu_direct': 0.0, 'swing': 0.00011568052157126891}]",,figures/event_11_label3_generation_change.png
12,116334,3877.800000000003,64.63000000000005,chi2_or_data_present,5689.557903598579,4780.219554142464,1.1902294108370182,0.013626450704238215,0.04,4,load_change,7,"[7, 31, 6]",[],"{'event_id': 12, 'label': 4, 'label_name': 'load_change', 'start_frame': 116332, 'end_frame': 125463, 'start_s': 3877.732999999993, 'end_s': 4182.099999999991, 'duration_s': 304.36699999999837, 'true_bus': 7}","{'top_bus': 31, 'top_energy': 8.1640432355291, 'entropy': 3.2723183697455855, 'bus7_energy': 7.594874788759631, 'bus23_energy': 1.5947032095762226, 'bus24_energy': 0.3600365354466792, 'line_24_23_energy': 2.212036546640994}","[{'bus': 31, 'energy': 8.1640432355291}, {'bus': 6, 'energy': 8.163980125385446}, {'bus': 5, 'energy': 7.9923594157143}, {'bus': 7, 'energy': 7.594874788759631}, {'bus': 8, 'energy': 7.31003743471816}, {'bus': 11, 'energy': 6.719296558322038}, {'bus': 12, 'energy': 6.175640016067772}, {'bus': 32, 'energy': 6.015500525994629}, {'bus': 10, 'energy': 6.01545004271572}, {'bus': 13, 'energy': 5.625350815017156}]","[{'bus': 6, 'score': 0.9842721622038978, 'jacobian': 1.0, 'ybus': 1.0, 'state': 0.9999921093355855, 'zbus': 1.0, 'pmu_direct': 1.0, 'swing': 0.8427216220389767}, {'bus': 10, 'score': 0.7157830693212597, 'jacobian': 0.9616056526923804, 'ybus': 0.732053002327387, 'state': 0.7313612857397578, 'zbus': 0.38894481871483444, 'pmu_direct': 0.3888618978770854, 'swing': 0.8183318852031923}, {'bus': 5, 'score': 0.6683591231320429, 'jacobian': 0.9517690433870208, 'ybus': 0.9785565399301105, 'state': 0.9785343634297082, 'zbus': 0.05181124740247374, 'pmu_direct': 0.05133753234069598, 'swing': 0.7486536818776938}, {'bus': 7, 'score': 0.5641935107771188, 'jacobian': 0.9489271469007372, 'ybus': 0.9278677007235986, 'state': 0.9288368406597062, 'zbus': 0.0001947584569214549, 'pmu_direct': 0.0, 'swing': 0.0003343607537555476}, {'bus': 11, 'score': 0.5465754669387902, 'jacobian': 0.9807669739531898, 'ybus': 0.8190529604668316, 'state': 0.8193632507564345, 'zbus': 0.00024870917554875994, 'pmu_direct': 0.0, 'swing': 0.00045431313455942813}, {'bus': 8, 'score': 0.54608066010142, 'jacobian': 0.9228970078002522, 'ybus': 0.8920298713487869, 'state': 0.8932236120508987, 'zbus': 0.00017872566365811443, 'pmu_direct': 0.0, 'swing': 0.0003251672318841793}, {'bus': 12, 'score': 0.5250435582392017, 'jacobian': 0.9696097011599067, 'ybus': 0.7499679791967887, 'state': 0.7513898461124775, 'zbus': 4.381461717631321e-05, 'pmu_direct': 0.0, 'swing': 8.765809184496083e-05}, {'bus': 32, 'score': 0.5171034555874282, 'jacobian': 0.9616056526923806, 'ybus': 0.7303916571871714, 'state': 0.7313675976666423, 'zbus': 7.100035108232862e-06, 'pmu_direct': 0.0, 'swing': 9.642737766391263e-06}, {'bus': 13, 'score': 0.5029290865811374, 'jacobian': 0.9570321156909563, 'ybus': 0.6801504252458089, 'state': 0.6825871598077866, 'zbus': 0.00019309498701617243, 'pmu_direct': 0.0, 'swing': 0.0003847239800559365}, {'bus': 4, 'score': 0.4793807528156462, 'jacobian': 0.9277330428916861, 'ybus': 0.6202895113458824, 'state': 0.6304083304689789, 'zbus': 0.00013098723568641258, 'pmu_direct': 0.0, 'swing': 0.000270140975422832}]",,figures/event_12_label4_load_change.png
